[38;5;16;48;5;16m▓[38;5;16;48;5;16m▓[38;5;16;48;5;16m▓[38;5;16;48;5;16m▓[38;5;16;48;5;16m▓[38;5;16;48;5;16m▓[38;5;16;48;5;16m▓[38;5;16;48;5;16m▓[38;5;16;48;5;16m▓[38;5;16;48;5;16m▓[38;5;16;48;5;16m▓[38;5;16;48;5;16m▓[38;5;16;48;5;16m▓[38;5;16;48;5;16m▓[38;5;16;48;5;16m▓[38;5;16;48;5;16m▓[38;5;16;48;5;16m▓[38;5;16;48;5;16m▓[38;5;16;48;5;16m▓[38;5;16;48;5;16m▓[38;5;16;48;5;16m▓[38;5;16;48;5;16m▓[38;5;16;48;5;16m▓[38;5;16;48;5;16m▓[38;5;16;48;5;16m▓[38;5;17;48;5;16m [38;5;17;48;5;16m [38;5;17;48;5;16m [38;5;17;48;5;232m [38;5;99;48;5;232m [38;5;17;48;5;232m [38;5;17;48;5;232m [38;5;99;48;5;232m [38;5;93;48;5;233m [38;5;93;48;5;233m [38;5;56;48;5;233m [38;5;135;48;5;233m [38;5;55;48;5;234m [38;5;55;48;5;233m [38;5;135;48;5;233m [38;5;135;48;5;233m [38;5;93;48;5;234m [38;5;56;48;5;233m [38;5;56;48;5;233m [38;5;57;48;5;233m [38;5;55;48;5;234m [38;5;55;48;5;233m [38;5;99;48;5;233m [38;5;141;48;5;233m [38;5;99;48;5;232m [38;5;57;48;5;233m [38;5;17;48;5;232m [38;5;17;48;5;232m [38;5;17;48;5;232m [38;5;17;48;5;16m [38;5;17;48;5;16m [38;5;16;48;5;16m▓[38;5;16;48;5;16m▓[38;5;16;48;5;16m▓[38;5;16;48;5;16m▓[38;5;16;48;5;16m▓[38;5;16;48;5;16m▓[38;5;16;48;5;16m▓[38;5;16;48;5;16m▓[38;5;16;48;5;16m▓[38;5;16;48;5;16m▓[38;5;16;48;5;16m▓[38;5;16;48;5;16m▓[38;5;16;48;5;16m▓[38;5;16;48;5;16m▓[38;5;16;48;5;16m▓[38;5;16;48;5;16m▓[38;5;16;48;5;16m▓[38;5;16;48;5;16m▓[38;5;16;48;5;16m▓[38;5;16;48;5;16m▓[38;5;16;48;5;16m▓[38;5;16;48;5;16m▓[38;5;16;48;5;16m▓[38;5;16;48;5;16m▓[0m
[38;5;16;48;5;16m▓[38;5;16;48;5;16m▓[38;5;16;48;5;16m▓[38;5;16;48;5;16m▓[38;5;16;48;5;16m▓[38;5;16;48;5;16m▓[38;5;16;48;5;16m▓[38;5;16;48;5;16m▓[38;5;16;48;5;16m▓[38;5;16;48;5;16m▓[38;5;16;48;5;16m▓[38;5;16;48;5;16m▓[38;5;16;48;5;16m▓[38;5;16;48;5;16m▓[38;5;16;48;5;16m▓[38;5;16;48;5;16m▓[38;5;16;48;5;16m▓[38;5;16;48;5;16m▓[38;5;16;48;5;16m▓[38;5;16;48;5;16m▓[38;5;16;48;5;16m▓[38;5;16;48;5;16m▓[38;5;17;48;5;16m [38;5;17;48;5;232m [38;5;17;48;5;232m [38;5;17;48;5;232m [38;5;17;48;5;232m [38;5;99;48;5;232m [38;5;99;48;5;233m [38;5;56;48;5;233m [38;5;92;48;5;234m [38;5;55;48;5;234m [38;5;171;48;5;234m [38;5;91;48;5;235m [38;5;53;48;5;53m [38;5;165;48;5;235m [38;5;53;48;5;53m [38;5;53;48;5;53m [38;5;53;48;5;235m [38;5;53;48;5;53m [38;5;53;48;5;53m [38;5;53;48;5;235m [38;5;53;48;5;53m [38;5;53;48;5;235m [38;5;165;48;5;235m [38;5;53;48;5;53m [38;5;128;48;5;234m [38;5;128;48;5;234m [38;5;128;48;5;235m [38;5;128;48;5;235m [38;5;92;48;5;234m [38;5;55;48;5;234m [38;5;55;48;5;234m [38;5;92;48;5;234m [38;5;99;48;5;233m [38;5;17;48;5;232m [38;5;17;48;5;232m [38;5;17;48;5;232m [38;5;17;48;5;16m [38;5;16;48;5;16m▓[38;5;16;48;5;16m▓[38;5;16;48;5;16m▓[38;5;16;48;5;16m▓[38;5;16;48;5;16m▓[38;5;16;48;5;16m▓[38;5;16;48;5;16m▓[38;5;16;48;5;16m▓[38;5;16;48;5;16m▓[38;5;16;48;5;16m▓[38;5;16;48;5;16m▓[38;5;16;48;5;16m▓[38;5;16;48;5;16m▓[38;5;16;48;5;16m▓[38;5;16;48;5;16m▓[38;5;16;48;5;16m▓[38;5;16;48;5;16m▓[38;5;16;48;5;16m▓[38;5;16;48;5;16m▓[38;5;16;48;5;16m▓[38;5;16;48;5;16m▓[0m
[38;5;16;48;5;16m▓[38;5;16;48;5;16m▓[38;5;16;48;5;16m▓[38;5;16;48;5;16m▓[38;5;16;48;5;16m▓[38;5;16;48;5;16m▓[38;5;16;48;5;16m▓[38;5;16;48;5;16m▓[38;5;16;48;5;16m▓[38;5;16;48;5;16m▓[38;5;16;48;5;16m▓[38;5;16;48;5;16m▓[38;5;16;48;5;16m▓[38;5;16;48;5;16m▓[38;5;16;48;5;16m▓[38;5;16;48;5;16m▓[38;5;16;48;5;16m▓[38;5;16;48;5;16m▓[38;5;16;48;5;16m▓[38;5;17;48;5;16m [38;5;17;48;5;232m [38;5;17;48;5;232m [38;5;57;48;5;233m [38;5;99;48;5;232m [38;5;56;48;5;233m [38;5;56;48;5;234m [38;5;55;48;5;234m [38;5;165;48;5;235m [38;5;165;48;5;235m [38;5;53;48;5;53m [38;5;200;48;5;53m [38;5;200;48;5;53m [38;5;163;48;5;53m [38;5;206;48;5;53m [38;5;212;48;5;53m [38;5;162;48;5;53m [38;5;162;48;5;89m [38;5;212;48;5;53m [38;5;162;48;5;53m [38;5;125;48;5;89m [38;5;125;48;5;89m [38;5;162;48;5;53m [38;5;125;48;5;53m [38;5;125;48;5;89m [38;5;212;48;5;53m [38;5;162;48;5;53m [38;5;212;48;5;53m [38;5;199;48;5;53m [38;5;126;48;5;53m [38;5;163;48;5;53m [38;5;200;48;5;53m [38;5;53;48;5;53m [38;5;165;48;5;235m [38;5;54;48;5;235m [38;5;129;48;5;234m [38;5;92;48;5;234m [38;5;56;48;5;233m [38;5;56;48;5;233m [38;5;99;48;5;232m [38;5;99;48;5;232m [38;5;17;48;5;232m [38;5;17;48;5;16m [38;5;17;48;5;16m [38;5;16;48;5;16m▓[38;5;16;48;5;16m▓[38;5;16;48;5;16m▓[38;5;16;48;5;16m▓[38;5;16;48;5;16m▓[38;5;16;48;5;16m▓[38;5;16;48;5;16m▓[38;5;16;48;5;16m▓[38;5;16;48;5;16m▓[38;5;16;48;5;16m▓[38;5;16;48;5;16m▓[38;5;16;48;5;16m▓[38;5;16;48;5;16m▓[38;5;16;48;5;16m▓[38;5;16;48;5;16m▓[38;5;16;48;5;16m▓[38;5;16;48;5;16m▓[0m
[38;5;16;48;5;16m▓[38;5;16;48;5;16m▓[38;5;16;48;5;16m▓[38;5;16;48;5;16m▓[38;5;16;48;5;16m▓[38;5;16;48;5;16m▓[38;5;16;48;5;16m▓[38;5;16;48;5;16m▓[38;5;16;48;5;16m▓[38;5;16;48;5;16m▓[38;5;16;48;5;16m▓[38;5;16;48;5;16m▓[38;5;16;48;5;16m▓[38;5;16;48;5;16m▓[38;5;16;48;5;16m▓[38;5;16;48;5;16m▓[38;5;16;48;5;16m▓[38;5;17;48;5;16m [38;5;99;48;5;232m [38;5;99;48;5;232m [38;5;57;48;5;233m [38;5;55;48;5;234m [38;5;141;48;5;233m [38;5;171;48;5;234m [38;5;91;48;5;235m [38;5;53;48;5;53m [38;5;53;48;5;53m [38;5;200;48;5;53m [38;5;199;48;5;53m [38;5;199;48;5;53m [38;5;125;48;5;89m [38;5;198;48;5;89m [38;5;198;48;5;89m [38;5;205;48;5;89m [38;5;205;48;5;89m [38;5;161;48;5;89m [38;5;161;48;5;89m [38;5;161;48;5;125m [38;5;161;48;5;125m [38;5;161;48;5;125m [38;5;161;48;5;125m [38;5;161;48;5;89m [38;5;161;48;5;89m [38;5;161;48;5;125m [38;5;161;48;5;125m [38;5;161;48;5;89m [38;5;205;48;5;89m [38;5;205;48;5;89m [38;5;205;48;5;89m [38;5;205;48;5;89m [38;5;125;48;5;89m [38;5;162;48;5;89m [38;5;199;48;5;53m [38;5;89;48;5;53m [38;5;200;48;5;53m [38;5;53;48;5;53m [38;5;165;48;5;53m [38;5;92;48;5;235m [38;5;92;48;5;234m [38;5;92;48;5;234m [38;5;92;48;5;234m [38;5;56;48;5;233m [38;5;17;48;5;232m [38;5;17;48;5;232m [38;5;17;48;5;16m [38;5;16;48;5;16m▓[38;5;16;48;5;16m▓[38;5;16;48;5;16m▓[38;5;16;48;5;16m▓[38;5;16;48;5;16m▓[38;5;16;48;5;16m▓[38;5;16;48;5;16m▓[38;5;16;48;5;16m▓[38;5;16;48;5;16m▓[38;5;16;48;5;16m▓[38;5;16;48;5;16m▓[38;5;16;48;5;16m▓[38;5;16;48;5;16m▓[38;5;16;48;5;16m▓[38;5;16;48;5;16m▓[0m
[38;5;16;48;5;16m▓[38;5;16;48;5;16m▓[38;5;16;48;5;16m▓[38;5;16;48;5;16m▓[38;5;16;48;5;16m▓[38;5;16;48;5;16m▓[38;5;16;48;5;16m▓[38;5;16;48;5;16m▓[38;5;16;48;5;16m▓[38;5;16;48;5;16m▓[38;5;16;48;5;16m▓[38;5;16;48;5;16m▓[38;5;16;48;5;16m▓[38;5;16;48;5;16m▓[38;5;16;48;5;16m▓[38;5;17;48;5;16m [38;5;17;48;5;232m [38;5;141;48;5;233m [38;5;141;48;5;233m [38;5;56;48;5;234m [38;5;129;48;5;234m [38;5;91;48;5;235m [38;5;165;48;5;53m [38;5;53;48;5;53m [38;5;200;48;5;53m [38;5;199;48;5;53m [38;5;162;48;5;89m [38;5;198;48;5;89m [38;5;205;48;5;89m [38;5;205;48;5;89m [38;5;161;48;5;89m [38;5;161;48;5;125m [38;5;161;48;5;125m [38;5;197;48;5;125m [38;5;197;48;5;125m [38;5;161;48;5;125m [38;5;161;48;5;89m [38;5;161;48;5;125m [38;5;161;48;5;125m [38;5;197;48;5;125m [38;5;161;48;5;125m [38;5;161;48;5;125m [38;5;197;48;5;89m [38;5;161;48;5;125m [38;5;197;48;5;125m [38;5;161;48;5;125m [38;5;161;48;5;125m [38;5;197;48;5;125m [38;5;197;48;5;89m [38;5;161;48;5;125m [38;5;161;48;5;125m [38;5;161;48;5;125m [38;5;205;48;5;89m [38;5;198;48;5;89m [38;5;198;48;5;89m [38;5;162;48;5;89m [38;5;199;48;5;53m [38;5;200;48;5;53m [38;5;200;48;5;53m [38;5;53;48;5;53m [38;5;91;48;5;235m [38;5;92;48;5;234m [38;5;56;48;5;233m [38;5;57;48;5;233m [38;5;99;48;5;232m [38;5;17;48;5;232m [38;5;17;48;5;16m [38;5;16;48;5;16m▓[38;5;16;48;5;16m▓[38;5;16;48;5;16m▓[38;5;16;48;5;16m▓[38;5;16;48;5;16m▓[38;5;16;48;5;16m▓[38;5;16;48;5;16m▓[38;5;16;48;5;16m▓[38;5;16;48;5;16m▓[38;5;16;48;5;16m▓[38;5;16;48;5;16m▓[38;5;16;48;5;16m▓[38;5;16;48;5;16m▓[0m
[38;5;16;48;5;16m▓[38;5;16;48;5;16m▓[38;5;16;48;5;16m▓[38;5;16;48;5;16m▓[38;5;16;48;5;16m▓[38;5;16;48;5;16m▓[38;5;16;48;5;16m▓[38;5;16;48;5;16m▓[38;5;16;48;5;16m▓[38;5;16;48;5;16m▓[38;5;16;48;5;16m▓[38;5;16;48;5;16m▓[38;5;16;48;5;16m▓[38;5;17;48;5;16m [38;5;17;48;5;232m [38;5;99;48;5;232m [38;5;141;48;5;233m [38;5;56;48;5;234m [38;5;177;48;5;234m [38;5;171;48;5;235m [38;5;53;48;5;53m [38;5;200;48;5;53m [38;5;199;48;5;53m [38;5;162;48;5;89m [38;5;198;48;5;89m [38;5;205;48;5;89m [38;5;205;48;5;125m [38;5;161;48;5;125m [38;5;197;48;5;125m [38;5;197;48;5;125m [38;5;197;48;5;125m [38;5;161;48;5;125m [38;5;161;48;5;125m [38;5;205;48;5;125m [38;5;205;48;5;89m [38;5;198;48;5;89m [38;5;198;48;5;89m [38;5;162;48;5;89m [38;5;162;48;5;89m [38;5;125;48;5;125m [38;5;162;48;5;125m [38;5;125;48;5;125m [38;5;125;48;5;89m [38;5;125;48;5;89m [38;5;125;48;5;89m [38;5;125;48;5;125m [38;5;198;48;5;125m [38;5;205;48;5;89m [38;5;161;48;5;125m [38;5;161;48;5;125m [38;5;161;48;5;125m [38;5;197;48;5;125m [38;5;161;48;5;125m [38;5;161;48;5;125m [38;5;161;48;5;125m [38;5;161;48;5;125m [38;5;125;48;5;89m [38;5;125;48;5;89m [38;5;162;48;5;53m [38;5;199;48;5;53m [38;5;53;48;5;53m [38;5;53;48;5;53m [38;5;128;48;5;235m [38;5;54;48;5;235m [38;5;56;48;5;233m [38;5;56;48;5;233m [38;5;99;48;5;232m [38;5;17;48;5;16m [38;5;16;48;5;16m▓[38;5;16;48;5;16m▓[38;5;16;48;5;16m▓[38;5;16;48;5;16m▓[38;5;16;48;5;16m▓[38;5;16;48;5;16m▓[38;5;16;48;5;16m▓[38;5;16;48;5;16m▓[38;5;16;48;5;16m▓[38;5;16;48;5;16m▓[38;5;16;48;5;16m▓[38;5;16;48;5;16m▓[0m
[38;5;16;48;5;16m▓[38;5;16;48;5;16m▓[38;5;16;48;5;16m▓[38;5;16;48;5;16m▓[38;5;16;48;5;16m▓[38;5;16;48;5;16m▓[38;5;16;48;5;16m▓[38;5;16;48;5;16m▓[38;5;16;48;5;16m▓[38;5;16;48;5;16m▓[38;5;16;48;5;16m▓[38;5;17;48;5;16m [38;5;17;48;5;232m [38;5;99;48;5;232m [38;5;57;48;5;233m [38;5;55;48;5;234m [38;5;92;48;5;234m [38;5;165;48;5;53m [38;5;53;48;5;53m [38;5;163;48;5;53m [38;5;89;48;5;53m [38;5;162;48;5;89m [38;5;125;48;5;89m [38;5;161;48;5;125m [38;5;161;48;5;125m [38;5;197;48;5;89m [38;5;197;48;5;89m [38;5;161;48;5;125m [38;5;161;48;5;125m [38;5;205;48;5;125m [38;5;205;48;5;89m [38;5;125;48;5;89m [38;5;162;48;5;89m [38;5;199;48;5;89m [38;5;163;48;5;89m [38;5;200;48;5;53m [38;5;200;48;5;89m [38;5;200;48;5;90m [38;5;200;48;5;90m [38;5;200;48;5;90m [38;5;5;48;5;5m [38;5;5;48;5;53m [38;5;200;48;5;89m [38;5;200;48;5;90m [38;5;200;48;5;5m [38;5;200;48;5;5m [38;5;200;48;5;89m [38;5;163;48;5;53m [38;5;212;48;5;89m [38;5;162;48;5;89m [38;5;125;48;5;89m [38;5;198;48;5;125m [38;5;205;48;5;125m [38;5;161;48;5;125m [38;5;161;48;5;125m [38;5;197;48;5;125m [38;5;161;48;5;125m [38;5;161;48;5;125m [38;5;205;48;5;89m [38;5;198;48;5;89m [38;5;162;48;5;89m [38;5;199;48;5;53m [38;5;200;48;5;53m [38;5;53;48;5;53m [38;5;165;48;5;235m [38;5;55;48;5;234m [38;5;57;48;5;233m [38;5;99;48;5;232m [38;5;17;48;5;232m [38;5;17;48;5;16m [38;5;16;48;5;16m▓[38;5;16;48;5;16m▓[38;5;16;48;5;16m▓[38;5;16;48;5;16m▓[38;5;16;48;5;16m▓[38;5;16;48;5;16m▓[38;5;16;48;5;16m▓[38;5;16;48;5;16m▓[38;5;16;48;5;16m▓[38;5;16;48;5;16m▓[0m
[38;5;16;48;5;16m▓[38;5;16;48;5;16m▓[38;5;16;48;5;16m▓[38;5;16;48;5;16m▓[38;5;16;48;5;16m▓[38;5;16;48;5;16m▓[38;5;16;48;5;16m▓[38;5;16;48;5;16m▓[38;5;16;48;5;16m▓[38;5;16;48;5;16m▓[38;5;17;48;5;16m [38;5;17;48;5;232m [38;5;17;48;5;232m [38;5;99;48;5;233m [38;5;56;48;5;234m [38;5;177;48;5;235m [38;5;53;48;5;53m [38;5;200;48;5;53m [38;5;126;48;5;53m [38;5;162;48;5;89m [38;5;198;48;5;89m [38;5;161;48;5;125m [38;5;161;48;5;125m [38;5;197;48;5;125m [38;5;197;48;5;125m [38;5;161;48;5;125m [38;5;161;48;5;125m [38;5;198;48;5;89m [38;5;162;48;5;125m [38;5;212;48;5;125m [38;5;126;48;5;89m [38;5;200;48;5;53m [38;5;90;48;5;90m [38;5;5;48;5;5m [38;5;165;48;5;5m [38;5;129;48;5;54m [38;5;177;48;5;54m [38;5;165;48;5;90m [38;5;177;48;5;54m [38;5;165;48;5;91m [38;5;128;48;5;5m [38;5;165;48;5;91m [38;5;56;48;5;53m [38;5;129;48;5;54m [38;5;165;48;5;90m [38;5;90;48;5;90m [38;5;165;48;5;5m [38;5;165;48;5;90m [38;5;90;48;5;5m [38;5;165;48;5;53m [38;5;200;48;5;89m [38;5;126;48;5;89m [38;5;162;48;5;89m [38;5;125;48;5;125m [38;5;198;48;5;125m [38;5;161;48;5;89m [38;5;161;48;5;125m [38;5;197;48;5;89m [38;5;161;48;5;125m [38;5;161;48;5;125m [38;5;205;48;5;89m [38;5;125;48;5;89m [38;5;212;48;5;53m [38;5;206;48;5;53m [38;5;200;48;5;53m [38;5;91;48;5;235m [38;5;54;48;5;234m [38;5;56;48;5;233m [38;5;141;48;5;233m [38;5;17;48;5;232m [38;5;17;48;5;16m [38;5;16;48;5;16m▓[38;5;16;48;5;16m▓[38;5;16;48;5;16m▓[38;5;16;48;5;16m▓[38;5;16;48;5;16m▓[38;5;16;48;5;16m▓[38;5;16;48;5;16m▓[38;5;16;48;5;16m▓[38;5;16;48;5;16m▓[0m
[38;5;16;48;5;16m▓[38;5;16;48;5;16m▓[38;5;16;48;5;16m▓[38;5;16;48;5;16m▓[38;5;16;48;5;16m▓[38;5;16;48;5;16m▓[38;5;16;48;5;16m▓[38;5;16;48;5;16m▓[38;5;16;48;5;16m▓[38;5;17;48;5;232m [38;5;17;48;5;232m [38;5;99;48;5;233m [38;5;141;48;5;233m [38;5;55;48;5;234m [38;5;171;48;5;53m [38;5;128;48;5;53m [38;5;200;48;5;53m [38;5;199;48;5;89m [38;5;125;48;5;89m [38;5;198;48;5;125m [38;5;161;48;5;125m [38;5;161;48;5;125m [38;5;161;48;5;125m [38;5;161;48;5;125m [38;5;161;48;5;125m [38;5;198;48;5;125m [38;5;212;48;5;125m [38;5;89;48;5;125m [38;5;200;48;5;5m [38;5;5;48;5;5m [38;5;128;48;5;53m [38;5;165;48;5;90m [38;5;92;48;5;54m [38;5;56;48;5;53m [38;5;92;48;5;54m [38;5;165;48;5;90m [38;5;91;48;5;54m [38;5;165;48;5;90m [38;5;91;48;5;54m [38;5;54;48;5;54m [38;5;91;48;5;54m [38;5;128;48;5;5m [38;5;171;48;5;54m [38;5;165;48;5;5m [38;5;128;48;5;54m [38;5;165;48;5;91m [38;5;54;48;5;54m [38;5;128;48;5;54m [38;5;92;48;5;54m [38;5;54;48;5;54m [38;5;165;48;5;5m [38;5;5;48;5;5m [38;5;90;48;5;90m [38;5;163;48;5;89m [38;5;199;48;5;89m [38;5;162;48;5;89m [38;5;198;48;5;89m [38;5;161;48;5;125m [38;5;197;48;5;89m [38;5;197;48;5;125m [38;5;161;48;5;125m [38;5;161;48;5;125m [38;5;205;48;5;89m [38;5;162;48;5;89m [38;5;206;48;5;53m [38;5;53;48;5;53m [38;5;53;48;5;53m [38;5;171;48;5;235m [38;5;55;48;5;234m [38;5;99;48;5;233m [38;5;17;48;5;232m [38;5;17;48;5;16m [38;5;16;48;5;16m▓[38;5;16;48;5;16m▓[38;5;16;48;5;16m▓[38;5;16;48;5;16m▓[38;5;16;48;5;16m▓[38;5;16;48;5;16m▓[38;5;16;48;5;16m▓[38;5;16;48;5;16m▓[0m
[38;5;16;48;5;16m▓[38;5;16;48;5;16m▓[38;5;16;48;5;16m▓[38;5;16;48;5;16m▓[38;5;16;48;5;16m▓[38;5;16;48;5;16m▓[38;5;16;48;5;16m▓[38;5;16;48;5;16m▓[38;5;17;48;5;16m [38;5;17;48;5;232m [38;5;99;48;5;232m [38;5;56;48;5;233m [38;5;92;48;5;234m [38;5;54;48;5;235m [38;5;53;48;5;53m [38;5;200;48;5;53m [38;5;162;48;5;53m [38;5;125;48;5;89m [38;5;161;48;5;89m [38;5;161;48;5;125m [38;5;197;48;5;125m [38;5;161;48;5;125m [38;5;161;48;5;125m [38;5;125;48;5;89m [38;5;162;48;5;125m [38;5;126;48;5;89m [38;5;200;48;5;89m [38;5;5;48;5;5m [38;5;128;48;5;5m [38;5;129;48;5;53m [38;5;91;48;5;54m [38;5;165;48;5;90m [38;5;90;48;5;90m [38;5;165;48;5;5m [38;5;54;48;5;53m [38;5;165;48;5;54m [38;5;54;48;5;53m [38;5;128;48;5;53m [38;5;165;48;5;54m [38;5;129;48;5;53m [38;5;54;48;5;53m [38;5;165;48;5;5m [38;5;54;48;5;53m [38;5;91;48;5;53m [38;5;128;48;5;54m [38;5;5;48;5;5m [38;5;165;48;5;54m [38;5;165;48;5;54m [38;5;165;48;5;90m [38;5;165;48;5;90m [38;5;90;48;5;90m [38;5;165;48;5;90m [38;5;92;48;5;54m [38;5;90;48;5;90m [38;5;5;48;5;5m [38;5;5;48;5;53m [38;5;126;48;5;89m [38;5;162;48;5;89m [38;5;198;48;5;125m [38;5;161;48;5;125m [38;5;197;48;5;125m [38;5;197;48;5;125m [38;5;161;48;5;89m [38;5;198;48;5;89m [38;5;125;48;5;89m [38;5;212;48;5;53m [38;5;200;48;5;53m [38;5;165;48;5;53m [38;5;91;48;5;235m [38;5;55;48;5;234m [38;5;56;48;5;233m [38;5;99;48;5;232m [38;5;17;48;5;232m [38;5;16;48;5;16m▓[38;5;16;48;5;16m▓[38;5;16;48;5;16m▓[38;5;16;48;5;16m▓[38;5;16;48;5;16m▓[38;5;16;48;5;16m▓[38;5;16;48;5;16m▓[0m
[38;5;16;48;5;16m▓[38;5;16;48;5;16m▓[38;5;16;48;5;16m▓[38;5;16;48;5;16m▓[38;5;16;48;5;16m▓[38;5;16;48;5;16m▓[38;5;16;48;5;16m▓[38;5;17;48;5;16m [38;5;99;48;5;232m [38;5;56;48;5;233m [38;5;57;48;5;233m [38;5;55;48;5;234m [38;5;165;48;5;53m [38;5;53;48;5;53m [38;5;200;48;5;53m [38;5;212;48;5;53m [38;5;198;48;5;89m [38;5;205;48;5;89m [38;5;161;48;5;125m [38;5;197;48;5;125m [38;5;161;48;5;125m [38;5;205;48;5;125m [38;5;125;48;5;89m [38;5;212;48;5;89m [38;5;53;48;5;53m [38;5;53;48;5;53m [38;5;165;48;5;54m [38;5;165;48;5;90m [38;5;54;48;5;54m [38;5;171;48;5;54m [38;5;91;48;5;54m [38;5;128;48;5;54m [38;5;165;48;5;5m [38;5;171;48;5;53m [38;5;165;48;5;5m [38;5;177;48;5;53m [38;5;128;48;5;54m [38;5;171;48;5;53m [38;5;165;48;5;54m [38;5;165;48;5;53m [38;5;165;48;5;53m [38;5;165;48;5;53m [38;5;92;48;5;53m [38;5;171;48;5;53m [38;5;5;48;5;5m [38;5;165;48;5;53m [38;5;165;48;5;5m [38;5;128;48;5;53m [38;5;5;48;5;5m [38;5;5;48;5;5m [38;5;171;48;5;53m [38;5;165;48;5;90m [38;5;165;48;5;90m [38;5;55;48;5;53m [38;5;128;48;5;5m [38;5;177;48;5;53m [38;5;165;48;5;53m [38;5;200;48;5;89m [38;5;199;48;5;89m [38;5;198;48;5;125m [38;5;161;48;5;89m [38;5;197;48;5;89m [38;5;197;48;5;125m [38;5;161;48;5;125m [38;5;205;48;5;89m [38;5;125;48;5;89m [38;5;199;48;5;53m [38;5;126;48;5;53m [38;5;53;48;5;53m [38;5;177;48;5;234m [38;5;92;48;5;234m [38;5;99;48;5;233m [38;5;17;48;5;232m [38;5;17;48;5;16m [38;5;16;48;5;16m▓[38;5;16;48;5;16m▓[38;5;16;48;5;16m▓[38;5;16;48;5;16m▓[38;5;16;48;5;16m▓[38;5;16;48;5;16m▓[0m
[38;5;16;48;5;16m▓[38;5;16;48;5;16m▓[38;5;16;48;5;16m▓[38;5;16;48;5;16m▓[38;5;16;48;5;16m▓[38;5;16;48;5;16m▓[38;5;16;48;5;16m▓[38;5;17;48;5;232m [38;5;17;48;5;232m [38;5;141;48;5;233m [38;5;56;48;5;233m [38;5;171;48;5;235m [38;5;165;48;5;53m [38;5;200;48;5;53m [38;5;199;48;5;89m [38;5;125;48;5;89m [38;5;161;48;5;89m [38;5;161;48;5;125m [38;5;197;48;5;125m [38;5;161;48;5;125m [38;5;161;48;5;125m [38;5;125;48;5;89m [38;5;126;48;5;89m [38;5;200;48;5;89m [38;5;165;48;5;54m [38;5;165;48;5;90m [38;5;165;48;5;5m [38;5;92;48;5;53m [38;5;129;48;5;53m [38;5;165;48;5;54m [38;5;165;48;5;53m [38;5;54;48;5;53m [38;5;54;48;5;53m [38;5;165;48;5;54m [38;5;128;48;5;235m [38;5;163;48;5;232m [38;5;16;48;5;16m▓[38;5;16;48;5;16m▓[38;5;16;48;5;16m▓[38;5;16;48;5;16m▓[38;5;16;48;5;16m▓[38;5;16;48;5;16m▓[38;5;16;48;5;16m▓[38;5;16;48;5;16m▓[38;5;16;48;5;16m▓[38;5;52;48;5;16m [38;5;128;48;5;53m [38;5;5;48;5;53m [38;5;165;48;5;53m [38;5;165;48;5;53m [38;5;165;48;5;53m [38;5;5;48;5;5m [38;5;91;48;5;54m [38;5;128;48;5;54m [38;5;165;48;5;90m [38;5;91;48;5;54m [38;5;127;48;5;127m [38;5;5;48;5;5m [38;5;200;48;5;89m [38;5;89;48;5;89m [38;5;125;48;5;89m [38;5;205;48;5;125m [38;5;161;48;5;125m [38;5;197;48;5;125m [38;5;161;48;5;125m [38;5;205;48;5;89m [38;5;125;48;5;89m [38;5;199;48;5;53m [38;5;163;48;5;53m [38;5;53;48;5;235m [38;5;165;48;5;235m [38;5;135;48;5;233m [38;5;141;48;5;233m [38;5;17;48;5;232m [38;5;16;48;5;16m▓[38;5;16;48;5;16m▓[38;5;16;48;5;16m▓[38;5;16;48;5;16m▓[38;5;16;48;5;16m▓[38;5;16;48;5;16m▓[0m
[38;5;16;48;5;16m▓[38;5;16;48;5;16m▓[38;5;16;48;5;16m▓[38;5;16;48;5;16m▓[38;5;16;48;5;16m▓[38;5;16;48;5;16m▓[38;5;17;48;5;16m [38;5;17;48;5;232m [38;5;141;48;5;233m [38;5;128;48;5;234m [38;5;205;48;5;53m [38;5;175;48;5;125m░[38;5;197;48;5;125m [38;5;198;48;5;125m [38;5;205;48;5;125m [38;5;205;48;5;89m [38;5;161;48;5;125m [38;5;197;48;5;125m [38;5;161;48;5;125m [38;5;161;48;5;125m [38;5;125;48;5;125m [38;5;206;48;5;89m [38;5;200;48;5;5m [38;5;165;48;5;54m [38;5;91;48;5;54m [38;5;165;48;5;90m [38;5;128;48;5;54m [38;5;171;48;5;53m [38;5;165;48;5;54m [38;5;129;48;5;53m [38;5;177;48;5;53m [38;5;165;48;5;53m [38;5;129;48;5;233m [38;5;16;48;5;16m▓[38;5;16;48;5;16m▓[38;5;16;48;5;16m▓[38;5;16;48;5;16m▓[38;5;16;48;5;16m▓[38;5;16;48;5;16m▓[38;5;16;48;5;16m▓[38;5;16;48;5;16m▓[38;5;16;48;5;16m▓[38;5;16;48;5;16m▓[38;5;16;48;5;16m▓[38;5;16;48;5;16m▓[38;5;16;48;5;16m▓[38;5;16;48;5;16m▓[38;5;16;48;5;16m▓[38;5;55;48;5;232m [38;5;165;48;5;53m [38;5;165;48;5;53m [38;5;91;48;5;53m [38;5;129;48;5;53m [38;5;165;48;5;54m [38;5;128;48;5;54m [38;5;171;48;5;54m [38;5;55;48;5;54m [38;5;91;48;5;54m [38;5;165;48;5;53m [38;5;200;48;5;5m [38;5;199;48;5;89m [38;5;125;48;5;89m [38;5;161;48;5;89m [38;5;197;48;5;125m [38;5;197;48;5;125m [38;5;161;48;5;125m [38;5;161;48;5;89m [38;5;197;48;5;125m [38;5;197;48;5;89m [38;5;197;48;5;161m░[38;5;198;48;5;89m [38;5;200;48;5;235m [38;5;92;48;5;234m [38;5;141;48;5;232m [38;5;17;48;5;16m [38;5;16;48;5;16m▓[38;5;16;48;5;16m▓[38;5;16;48;5;16m▓[38;5;16;48;5;16m▓[38;5;16;48;5;16m▓[0m
[38;5;16;48;5;16m▓[38;5;16;48;5;16m▓[38;5;16;48;5;16m▓[38;5;16;48;5;16m▓[38;5;16;48;5;16m▓[38;5;16;48;5;16m▓[38;5;17;48;5;232m [38;5;17;48;5;232m [38;5;99;48;5;233m [38;5;56;48;5;234m [38;5;206;48;5;53m [38;5;197;48;5;125m [38;5;211;48;5;161m [38;5;211;48;5;197m [38;5;211;48;5;197m [38;5;211;48;5;161m [38;5;211;48;5;161m [38;5;211;48;5;125m [38;5;161;48;5;125m [38;5;205;48;5;89m [38;5;89;48;5;89m [38;5;200;48;5;53m [38;5;5;48;5;5m [38;5;171;48;5;53m [38;5;171;48;5;54m [38;5;128;48;5;54m [38;5;91;48;5;53m [38;5;165;48;5;53m [38;5;53;48;5;53m [38;5;91;48;5;53m [38;5;54;48;5;53m [38;5;17;48;5;16m [38;5;16;48;5;16m▓[38;5;16;48;5;16m▓[38;5;16;48;5;16m▓[38;5;16;48;5;16m▓[38;5;16;48;5;16m▓[38;5;16;48;5;16m▓[38;5;16;48;5;16m▓[38;5;16;48;5;16m▓[38;5;16;48;5;16m▓[38;5;16;48;5;16m▓[38;5;16;48;5;16m▓[38;5;16;48;5;16m▓[38;5;16;48;5;16m▓[38;5;16;48;5;16m▓[38;5;16;48;5;16m▓[38;5;16;48;5;16m▓[38;5;16;48;5;16m▓[38;5;52;48;5;16m [38;5;53;48;5;53m [38;5;53;48;5;53m [38;5;177;48;5;53m [38;5;92;48;5;53m [38;5;165;48;5;53m [38;5;91;48;5;53m [38;5;92;48;5;54m [38;5;92;48;5;54m [38;5;171;48;5;53m [38;5;165;48;5;53m [38;5;206;48;5;126m [38;5;162;48;5;125m [38;5;205;48;5;125m [38;5;197;48;5;125m [38;5;197;48;5;161m [38;5;204;48;5;161m [38;5;204;48;5;197m [38;5;211;48;5;197m [38;5;211;48;5;161m [38;5;197;48;5;125m [38;5;53;48;5;53m [38;5;165;48;5;53m [38;5;92;48;5;234m [38;5;141;48;5;233m [38;5;17;48;5;232m [38;5;17;48;5;16m [38;5;16;48;5;16m▓[38;5;16;48;5;16m▓[38;5;16;48;5;16m▓[38;5;16;48;5;16m▓[0m
[38;5;16;48;5;16m▓[38;5;16;48;5;16m▓[38;5;16;48;5;16m▓[38;5;16;48;5;16m▓[38;5;16;48;5;16m▓[38;5;17;48;5;16m [38;5;99;48;5;232m [38;5;57;48;5;233m [38;5;93;48;5;234m [38;5;92;48;5;235m [38;5;165;48;5;53m [38;5;200;48;5;53m [38;5;205;48;5;89m [38;5;197;48;5;161m [38;5;211;48;5;197m [38;5;211;48;5;197m [38;5;211;48;5;197m [38;5;211;48;5;161m [38;5;211;48;5;161m [38;5;198;48;5;125m [38;5;206;48;5;89m [38;5;165;48;5;53m [38;5;54;48;5;53m [38;5;92;48;5;53m [38;5;54;48;5;53m [38;5;128;48;5;53m [38;5;92;48;5;53m [38;5;128;48;5;53m [38;5;128;48;5;53m [38;5;165;48;5;234m [38;5;16;48;5;16m▓[38;5;16;48;5;16m▓[38;5;16;48;5;16m▓[38;5;16;48;5;16m▓[38;5;16;48;5;16m▓[38;5;16;48;5;16m▓[38;5;16;48;5;16m▓[38;5;16;48;5;16m▓[38;5;16;48;5;16m▓[38;5;16;48;5;16m▓[38;5;16;48;5;16m▓[38;5;16;48;5;16m▓[38;5;16;48;5;16m▓[38;5;16;48;5;16m▓[38;5;16;48;5;16m▓[38;5;16;48;5;16m▓[38;5;16;48;5;16m▓[38;5;16;48;5;16m▓[38;5;16;48;5;16m▓[38;5;16;48;5;16m▓[38;5;16;48;5;16m▓[38;5;128;48;5;53m [38;5;165;48;5;53m [38;5;165;48;5;53m [38;5;53;48;5;53m [38;5;165;48;5;53m [38;5;90;48;5;90m [38;5;128;48;5;90m [38;5;90;48;5;90m [38;5;90;48;5;90m [38;5;200;48;5;53m [38;5;162;48;5;125m [38;5;197;48;5;161m [38;5;204;48;5;161m [38;5;197;48;5;197m [38;5;211;48;5;197m [38;5;211;48;5;197m [38;5;211;48;5;161m [38;5;125;48;5;89m [38;5;162;48;5;53m [38;5;53;48;5;53m [38;5;165;48;5;235m [38;5;177;48;5;234m [38;5;99;48;5;232m [38;5;17;48;5;232m [38;5;17;48;5;16m [38;5;16;48;5;16m▓[38;5;16;48;5;16m▓[38;5;16;48;5;16m▓[38;5;16;48;5;16m▓[0m
[38;5;16;48;5;16m▓[38;5;16;48;5;16m▓[38;5;16;48;5;16m▓[38;5;16;48;5;16m▓[38;5;16;48;5;16m▓[38;5;17;48;5;16m [38;5;17;48;5;232m [38;5;56;48;5;233m [38;5;55;48;5;234m [38;5;177;48;5;235m [38;5;91;48;5;235m [38;5;200;48;5;53m [38;5;206;48;5;53m [38;5;198;48;5;89m [38;5;161;48;5;125m [38;5;204;48;5;161m [38;5;211;48;5;197m [38;5;211;48;5;197m [38;5;211;48;5;197m [38;5;197;48;5;197m [38;5;211;48;5;161m [38;5;161;48;5;89m [38;5;91;48;5;53m [38;5;54;48;5;54m [38;5;177;48;5;53m [38;5;177;48;5;53m [38;5;171;48;5;53m [38;5;171;48;5;53m [38;5;165;48;5;53m [38;5;165;48;5;233m [38;5;16;48;5;16m▓[38;5;16;48;5;16m▓[38;5;16;48;5;16m▓[38;5;16;48;5;16m▓[38;5;16;48;5;16m▓[38;5;16;48;5;16m▓[38;5;16;48;5;16m▓[38;5;16;48;5;16m▓[38;5;16;48;5;16m▓[38;5;16;48;5;16m▓[38;5;16;48;5;16m▓[38;5;16;48;5;16m▓[38;5;16;48;5;16m▓[38;5;16;48;5;16m▓[38;5;16;48;5;16m▓[38;5;16;48;5;16m▓[38;5;16;48;5;16m▓[38;5;16;48;5;16m▓[38;5;16;48;5;16m▓[38;5;16;48;5;16m▓[38;5;16;48;5;16m▓[38;5;53;48;5;233m [38;5;165;48;5;53m [38;5;53;48;5;53m [38;5;165;48;5;53m [38;5;165;48;5;53m [38;5;128;48;5;53m [38;5;92;48;5;53m [38;5;171;48;5;53m [38;5;126;48;5;89m [38;5;211;48;5;161m [38;5;211;48;5;197m [38;5;211;48;5;197m [38;5;211;48;5;197m [38;5;211;48;5;197m [38;5;204;48;5;161m [38;5;211;48;5;125m [38;5;197;48;5;125m [38;5;162;48;5;53m [38;5;163;48;5;53m [38;5;165;48;5;53m [38;5;92;48;5;234m [38;5;92;48;5;234m [38;5;99;48;5;232m [38;5;17;48;5;232m [38;5;17;48;5;16m [38;5;16;48;5;16m▓[38;5;16;48;5;16m▓[38;5;16;48;5;16m▓[38;5;16;48;5;16m▓[0m
[38;5;16;48;5;16m▓[38;5;16;48;5;16m▓[38;5;16;48;5;16m▓[38;5;16;48;5;16m▓[38;5;16;48;5;16m▓[38;5;17;48;5;16m [38;5;17;48;5;232m [38;5;57;48;5;233m [38;5;55;48;5;234m [38;5;177;48;5;235m [38;5;165;48;5;53m [38;5;200;48;5;53m [38;5;206;48;5;89m [38;5;162;48;5;89m [38;5;198;48;5;125m [38;5;161;48;5;125m [38;5;211;48;5;161m [38;5;204;48;5;161m [38;5;197;48;5;197m [38;5;197;48;5;204m [38;5;197;48;5;204m [38;5;197;48;5;198m [38;5;197;48;5;161m [38;5;197;48;5;125m [38;5;212;48;5;89m░[38;5;165;48;5;53m░[38;5;92;48;5;235m [38;5;56;48;5;234m [38;5;92;48;5;235m [38;5;17;48;5;16m [38;5;16;48;5;16m▓[38;5;16;48;5;16m▓[38;5;16;48;5;16m▓[38;5;16;48;5;16m▓[38;5;16;48;5;16m▓[38;5;16;48;5;16m▓[38;5;16;48;5;16m▓[38;5;16;48;5;16m▓[38;5;16;48;5;16m▓[38;5;16;48;5;16m▓[38;5;16;48;5;16m▓[38;5;16;48;5;16m▓[38;5;16;48;5;16m▓[38;5;16;48;5;16m▓[38;5;16;48;5;16m▓[38;5;16;48;5;16m▓[38;5;16;48;5;16m▓[38;5;16;48;5;16m▓[38;5;16;48;5;16m▓[38;5;16;48;5;16m▓[38;5;16;48;5;16m▓[38;5;17;48;5;16m [38;5;91;48;5;235m [38;5;91;48;5;235m [38;5;177;48;5;235m [38;5;165;48;5;53m [38;5;161;48;5;89m [38;5;198;48;5;125m [38;5;211;48;5;161m [38;5;211;48;5;197m [38;5;211;48;5;197m [38;5;211;48;5;197m [38;5;197;48;5;197m [38;5;204;48;5;161m [38;5;211;48;5;161m [38;5;211;48;5;125m [38;5;197;48;5;89m [38;5;198;48;5;89m [38;5;162;48;5;89m [38;5;163;48;5;53m [38;5;53;48;5;53m [38;5;165;48;5;235m [38;5;177;48;5;234m [38;5;56;48;5;233m [38;5;17;48;5;232m [38;5;17;48;5;16m [38;5;16;48;5;16m▓[38;5;16;48;5;16m▓[38;5;16;48;5;16m▓[38;5;16;48;5;16m▓[0m
[38;5;16;48;5;16m▓[38;5;16;48;5;16m▓[38;5;16;48;5;16m▓[38;5;16;48;5;16m▓[38;5;16;48;5;16m▓[38;5;17;48;5;16m [38;5;17;48;5;232m [38;5;99;48;5;233m [38;5;141;48;5;233m [38;5;92;48;5;234m [38;5;171;48;5;235m [38;5;53;48;5;53m [38;5;89;48;5;53m [38;5;162;48;5;53m [38;5;161;48;5;89m [38;5;197;48;5;89m [38;5;197;48;5;125m [38;5;197;48;5;125m [38;5;211;48;5;161m [38;5;204;48;5;161m [38;5;211;48;5;197m░[38;5;197;48;5;197m [38;5;204;48;5;197m [38;5;197;48;5;197m [38;5;211;48;5;197m [38;5;197;48;5;197m [38;5;197;48;5;125m [38;5;197;48;5;125m [38;5;212;48;5;53m [38;5;212;48;5;235m [38;5;16;48;5;16m▓[38;5;16;48;5;16m▓[38;5;16;48;5;16m▓[38;5;16;48;5;16m▓[38;5;16;48;5;16m▓[38;5;16;48;5;16m▓[38;5;16;48;5;16m▓[38;5;16;48;5;16m▓[38;5;16;48;5;16m▓[38;5;16;48;5;16m▓[38;5;16;48;5;16m▓[38;5;16;48;5;16m▓[38;5;16;48;5;16m▓[38;5;16;48;5;16m▓[38;5;16;48;5;16m▓[38;5;16;48;5;16m▓[38;5;16;48;5;16m▓[38;5;16;48;5;16m▓[38;5;16;48;5;16m▓[38;5;16;48;5;16m▓[38;5;16;48;5;16m▓[38;5;204;48;5;232m [38;5;53;48;5;53m [38;5;197;48;5;125m [38;5;211;48;5;125m [38;5;211;48;5;161m [38;5;211;48;5;197m [38;5;204;48;5;197m [38;5;211;48;5;197m [38;5;211;48;5;197m [38;5;197;48;5;197m [38;5;197;48;5;161m [38;5;197;48;5;125m [38;5;161;48;5;125m [38;5;197;48;5;125m [38;5;197;48;5;89m [38;5;161;48;5;89m [38;5;205;48;5;89m [38;5;125;48;5;53m [38;5;163;48;5;53m [38;5;53;48;5;235m [38;5;177;48;5;234m [38;5;135;48;5;233m [38;5;99;48;5;233m [38;5;17;48;5;232m [38;5;17;48;5;16m [38;5;16;48;5;16m▓[38;5;16;48;5;16m▓[38;5;16;48;5;16m▓[38;5;16;48;5;16m▓[0m
[38;5;16;48;5;16m▓[38;5;16;48;5;16m▓[38;5;16;48;5;16m▓[38;5;16;48;5;16m▓[38;5;16;48;5;16m▓[38;5;16;48;5;16m▓[38;5;17;48;5;232m [38;5;141;48;5;233m [38;5;135;48;5;234m [38;5;54;48;5;235m [38;5;91;48;5;53m [38;5;53;48;5;53m [38;5;163;48;5;53m [38;5;162;48;5;89m [38;5;198;48;5;89m [38;5;161;48;5;125m [38;5;197;48;5;89m [38;5;197;48;5;125m [38;5;205;48;5;125m [38;5;125;48;5;89m [38;5;205;48;5;89m [38;5;197;48;5;161m [38;5;197;48;5;197m [38;5;211;48;5;197m [38;5;204;48;5;197m [38;5;211;48;5;197m [38;5;211;48;5;197m [38;5;211;48;5;197m [38;5;197;48;5;161m░[38;5;211;48;5;161m [38;5;204;48;5;88m [38;5;52;48;5;233m [38;5;16;48;5;16m▓[38;5;16;48;5;16m▓[38;5;16;48;5;16m▓[38;5;16;48;5;16m▓[38;5;16;48;5;16m▓[38;5;16;48;5;16m▓[38;5;16;48;5;16m▓[38;5;16;48;5;16m▓[38;5;16;48;5;16m▓[38;5;16;48;5;16m▓[38;5;16;48;5;16m▓[38;5;16;48;5;16m▓[38;5;16;48;5;16m▓[38;5;16;48;5;16m▓[38;5;16;48;5;16m▓[38;5;16;48;5;16m▓[38;5;16;48;5;16m▓[38;5;16;48;5;16m▓[38;5;204;48;5;88m [38;5;204;48;5;161m [38;5;211;48;5;161m [38;5;204;48;5;197m [38;5;204;48;5;196m [38;5;204;48;5;197m [38;5;204;48;5;197m [38;5;204;48;5;197m [38;5;211;48;5;197m [38;5;197;48;5;161m [38;5;125;48;5;125m [38;5;198;48;5;125m [38;5;125;48;5;89m [38;5;161;48;5;89m [38;5;197;48;5;125m [38;5;161;48;5;125m [38;5;205;48;5;89m [38;5;198;48;5;89m [38;5;162;48;5;53m [38;5;200;48;5;53m [38;5;53;48;5;235m [38;5;177;48;5;234m [38;5;56;48;5;233m [38;5;56;48;5;233m [38;5;17;48;5;232m [38;5;17;48;5;16m [38;5;16;48;5;16m▓[38;5;16;48;5;16m▓[38;5;16;48;5;16m▓[38;5;16;48;5;16m▓[0m
[38;5;16;48;5;16m▓[38;5;16;48;5;16m▓[38;5;16;48;5;16m▓[38;5;16;48;5;16m▓[38;5;16;48;5;16m▓[38;5;16;48;5;16m▓[38;5;17;48;5;16m [38;5;17;48;5;232m [38;5;99;48;5;233m [38;5;56;48;5;234m [38;5;92;48;5;234m [38;5;165;48;5;53m [38;5;53;48;5;53m [38;5;206;48;5;53m [38;5;125;48;5;89m [38;5;205;48;5;89m [38;5;161;48;5;125m [38;5;197;48;5;125m [38;5;161;48;5;125m [38;5;198;48;5;89m [38;5;162;48;5;89m [38;5;199;48;5;89m [38;5;125;48;5;125m [38;5;205;48;5;125m [38;5;197;48;5;161m [38;5;197;48;5;198m [38;5;211;48;5;197m [38;5;211;48;5;197m [38;5;204;48;5;197m [38;5;211;48;5;197m [38;5;211;48;5;197m [38;5;211;48;5;197m [38;5;204;48;5;160m [38;5;204;48;5;124m [38;5;52;48;5;232m [38;5;52;48;5;16m [38;5;16;48;5;16m▓[38;5;52;48;5;232m [38;5;16;48;5;16m▓[38;5;16;48;5;16m▓[38;5;16;48;5;16m▓[38;5;16;48;5;16m▓[38;5;16;48;5;16m▓[38;5;16;48;5;16m▓[38;5;16;48;5;16m▓[38;5;16;48;5;16m▓[38;5;52;48;5;232m [38;5;204;48;5;88m [38;5;204;48;5;124m [38;5;211;48;5;197m [38;5;204;48;5;197m [38;5;211;48;5;197m [38;5;204;48;5;197m [38;5;211;48;5;197m [38;5;204;48;5;197m [38;5;211;48;5;197m [38;5;197;48;5;197m [38;5;205;48;5;161m [38;5;212;48;5;125m [38;5;200;48;5;5m [38;5;126;48;5;89m [38;5;162;48;5;89m [38;5;205;48;5;89m [38;5;197;48;5;89m [38;5;197;48;5;89m [38;5;197;48;5;89m [38;5;205;48;5;89m [38;5;162;48;5;89m [38;5;89;48;5;53m [38;5;200;48;5;53m [38;5;128;48;5;235m [38;5;55;48;5;234m [38;5;57;48;5;233m [38;5;17;48;5;232m [38;5;17;48;5;16m [38;5;16;48;5;16m▓[38;5;16;48;5;16m▓[38;5;16;48;5;16m▓[38;5;16;48;5;16m▓[38;5;16;48;5;16m▓[0m
[38;5;16;48;5;16m▓[38;5;16;48;5;16m▓[38;5;16;48;5;16m▓[38;5;16;48;5;16m▓[38;5;16;48;5;16m▓[38;5;16;48;5;16m▓[38;5;17;48;5;16m [38;5;17;48;5;232m [38;5;99;48;5;232m [38;5;56;48;5;234m [38;5;55;48;5;234m [38;5;128;48;5;53m [38;5;53;48;5;53m [38;5;163;48;5;53m [38;5;212;48;5;89m [38;5;198;48;5;89m [38;5;205;48;5;125m [38;5;161;48;5;125m [38;5;161;48;5;125m [38;5;161;48;5;125m [38;5;198;48;5;89m [38;5;199;48;5;89m [38;5;200;48;5;53m [38;5;200;48;5;89m [38;5;199;48;5;89m [38;5;161;48;5;125m [38;5;211;48;5;161m [38;5;211;48;5;197m [38;5;211;48;5;197m [38;5;211;48;5;197m [38;5;211;48;5;197m [38;5;211;48;5;197m [38;5;204;48;5;197m [38;5;204;48;5;197m [38;5;211;48;5;197m [38;5;168;48;5;161m░[38;5;204;48;5;124m [38;5;204;48;5;88m [38;5;52;48;5;232m [38;5;16;48;5;16m▓[38;5;16;48;5;16m▓[38;5;16;48;5;16m▓[38;5;16;48;5;16m▓[38;5;204;48;5;1m [38;5;204;48;5;124m [38;5;211;48;5;197m [38;5;211;48;5;197m [38;5;211;48;5;197m [38;5;204;48;5;197m [38;5;211;48;5;197m [38;5;211;48;5;197m [38;5;204;48;5;197m [38;5;211;48;5;197m [38;5;211;48;5;197m [38;5;197;48;5;161m [38;5;161;48;5;125m [38;5;200;48;5;53m [38;5;91;48;5;54m [38;5;53;48;5;53m [38;5;206;48;5;126m [38;5;162;48;5;125m [38;5;205;48;5;125m [38;5;161;48;5;125m [38;5;161;48;5;125m [38;5;197;48;5;125m [38;5;205;48;5;125m [38;5;198;48;5;89m [38;5;162;48;5;53m [38;5;126;48;5;53m [38;5;53;48;5;53m [38;5;177;48;5;234m [38;5;56;48;5;233m [38;5;141;48;5;233m [38;5;17;48;5;232m [38;5;17;48;5;16m [38;5;16;48;5;16m▓[38;5;16;48;5;16m▓[38;5;16;48;5;16m▓[38;5;16;48;5;16m▓[38;5;16;48;5;16m▓[0m
[38;5;16;48;5;16m▓[38;5;16;48;5;16m▓[38;5;16;48;5;16m▓[38;5;16;48;5;16m▓[38;5;16;48;5;16m▓[38;5;16;48;5;16m▓[38;5;16;48;5;16m▓[38;5;17;48;5;16m [38;5;17;48;5;232m [38;5;141;48;5;233m [38;5;141;48;5;233m [38;5;55;48;5;234m [38;5;91;48;5;235m [38;5;200;48;5;53m [38;5;206;48;5;53m [38;5;125;48;5;89m [38;5;198;48;5;89m [38;5;161;48;5;125m [38;5;197;48;5;89m [38;5;197;48;5;89m [38;5;161;48;5;89m [38;5;125;48;5;125m [38;5;212;48;5;125m [38;5;200;48;5;53m [38;5;5;48;5;5m [38;5;90;48;5;90m [38;5;163;48;5;90m [38;5;205;48;5;125m [38;5;211;48;5;161m [38;5;211;48;5;197m [38;5;211;48;5;197m [38;5;204;48;5;197m [38;5;211;48;5;197m [38;5;211;48;5;197m [38;5;204;48;5;197m [38;5;211;48;5;197m [38;5;211;48;5;197m [38;5;211;48;5;197m [38;5;204;48;5;88m [38;5;52;48;5;16m [38;5;16;48;5;16m▓[38;5;16;48;5;16m▓[38;5;204;48;5;88m [38;5;211;48;5;197m░[38;5;211;48;5;197m [38;5;211;48;5;197m [38;5;211;48;5;197m [38;5;204;48;5;197m [38;5;204;48;5;197m [38;5;211;48;5;197m [38;5;211;48;5;197m [38;5;211;48;5;197m░[38;5;211;48;5;161m [38;5;125;48;5;89m [38;5;53;48;5;53m [38;5;165;48;5;5m [38;5;91;48;5;53m [38;5;53;48;5;53m [38;5;200;48;5;53m [38;5;162;48;5;89m [38;5;198;48;5;89m [38;5;161;48;5;125m [38;5;161;48;5;125m [38;5;197;48;5;125m [38;5;161;48;5;125m [38;5;205;48;5;89m [38;5;125;48;5;89m [38;5;89;48;5;53m [38;5;200;48;5;53m [38;5;165;48;5;235m [38;5;55;48;5;234m [38;5;99;48;5;233m [38;5;99;48;5;232m [38;5;17;48;5;232m [38;5;16;48;5;16m▓[38;5;16;48;5;16m▓[38;5;16;48;5;16m▓[38;5;16;48;5;16m▓[38;5;16;48;5;16m▓[38;5;16;48;5;16m▓[0m
[38;5;16;48;5;16m▓[38;5;16;48;5;16m▓[38;5;16;48;5;16m▓[38;5;16;48;5;16m▓[38;5;16;48;5;16m▓[38;5;16;48;5;16m▓[38;5;16;48;5;16m▓[38;5;17;48;5;16m [38;5;17;48;5;232m [38;5;99;48;5;232m [38;5;57;48;5;233m [38;5;92;48;5;234m [38;5;92;48;5;235m [38;5;171;48;5;235m [38;5;53;48;5;53m [38;5;89;48;5;89m [38;5;162;48;5;89m [38;5;198;48;5;89m [38;5;161;48;5;125m [38;5;161;48;5;125m [38;5;197;48;5;125m [38;5;161;48;5;89m [38;5;198;48;5;125m [38;5;212;48;5;125m [38;5;126;48;5;89m [38;5;53;48;5;53m [38;5;90;48;5;5m [38;5;129;48;5;54m [38;5;90;48;5;90m [38;5;125;48;5;89m [38;5;204;48;5;125m [38;5;211;48;5;161m [38;5;204;48;5;197m [38;5;211;48;5;197m [38;5;211;48;5;197m [38;5;211;48;5;197m [38;5;211;48;5;197m [38;5;211;48;5;161m [38;5;211;48;5;52m [38;5;171;48;5;232m [38;5;92;48;5;233m [38;5;200;48;5;234m [38;5;211;48;5;52m [38;5;204;48;5;125m [38;5;211;48;5;197m [38;5;211;48;5;197m [38;5;204;48;5;197m [38;5;211;48;5;197m [38;5;204;48;5;197m [38;5;204;48;5;161m [38;5;161;48;5;125m [38;5;200;48;5;89m [38;5;177;48;5;53m [38;5;54;48;5;54m [38;5;90;48;5;90m [38;5;90;48;5;90m [38;5;200;48;5;89m [38;5;126;48;5;89m [38;5;162;48;5;89m [38;5;198;48;5;89m [38;5;161;48;5;125m [38;5;197;48;5;125m [38;5;161;48;5;125m [38;5;161;48;5;125m [38;5;205;48;5;125m [38;5;125;48;5;89m [38;5;206;48;5;53m [38;5;165;48;5;53m [38;5;165;48;5;235m [38;5;177;48;5;234m [38;5;99;48;5;233m [38;5;17;48;5;232m [38;5;17;48;5;232m [38;5;17;48;5;16m [38;5;16;48;5;16m▓[38;5;16;48;5;16m▓[38;5;16;48;5;16m▓[38;5;16;48;5;16m▓[38;5;16;48;5;16m▓[38;5;16;48;5;16m▓[0m
[38;5;16;48;5;16m▓[38;5;16;48;5;16m▓[38;5;16;48;5;16m▓[38;5;16;48;5;16m▓[38;5;16;48;5;16m▓[38;5;16;48;5;16m▓[38;5;16;48;5;16m▓[38;5;16;48;5;16m▓[38;5;17;48;5;16m [38;5;17;48;5;232m [38;5;17;48;5;232m [38;5;56;48;5;233m [38;5;55;48;5;234m [38;5;177;48;5;235m [38;5;165;48;5;235m [38;5;200;48;5;53m [38;5;206;48;5;89m [38;5;162;48;5;89m [38;5;198;48;5;89m [38;5;161;48;5;89m [38;5;161;48;5;125m [38;5;197;48;5;125m [38;5;197;48;5;125m [38;5;205;48;5;89m [38;5;125;48;5;89m [38;5;199;48;5;89m [38;5;126;48;5;126m [38;5;53;48;5;53m [38;5;5;48;5;5m [38;5;53;48;5;53m [38;5;205;48;5;125m [38;5;197;48;5;197m [38;5;211;48;5;197m [38;5;204;48;5;197m [38;5;204;48;5;197m [38;5;211;48;5;197m [38;5;211;48;5;197m [38;5;204;48;5;125m [38;5;141;48;5;233m [38;5;91;48;5;233m [38;5;128;48;5;234m [38;5;128;48;5;233m [38;5;126;48;5;234m [38;5;204;48;5;52m [38;5;211;48;5;197m [38;5;204;48;5;197m [38;5;211;48;5;197m [38;5;204;48;5;197m [38;5;211;48;5;197m [38;5;211;48;5;197m [38;5;205;48;5;125m [38;5;200;48;5;90m [38;5;165;48;5;54m [38;5;5;48;5;5m [38;5;53;48;5;53m [38;5;163;48;5;53m [38;5;199;48;5;89m [38;5;198;48;5;125m [38;5;161;48;5;125m [38;5;161;48;5;125m [38;5;197;48;5;125m [38;5;197;48;5;125m [38;5;161;48;5;89m [38;5;205;48;5;89m [38;5;162;48;5;89m [38;5;126;48;5;53m [38;5;53;48;5;53m [38;5;165;48;5;53m [38;5;171;48;5;235m [38;5;135;48;5;233m [38;5;99;48;5;232m [38;5;17;48;5;232m [38;5;17;48;5;16m [38;5;16;48;5;16m▓[38;5;16;48;5;16m▓[38;5;16;48;5;16m▓[38;5;16;48;5;16m▓[38;5;16;48;5;16m▓[38;5;16;48;5;16m▓[38;5;16;48;5;16m▓[0m
[38;5;16;48;5;16m▓[38;5;16;48;5;16m▓[38;5;16;48;5;16m▓[38;5;16;48;5;16m▓[38;5;16;48;5;16m▓[38;5;16;48;5;16m▓[38;5;16;48;5;16m▓[38;5;16;48;5;16m▓[38;5;16;48;5;16m▓[38;5;17;48;5;16m [38;5;17;48;5;232m [38;5;17;48;5;232m [38;5;99;48;5;233m [38;5;177;48;5;234m [38;5;55;48;5;235m [38;5;128;48;5;53m [38;5;53;48;5;53m [38;5;163;48;5;53m [38;5;212;48;5;89m [38;5;162;48;5;89m [38;5;205;48;5;125m [38;5;161;48;5;125m [38;5;161;48;5;125m [38;5;161;48;5;125m [38;5;161;48;5;125m [38;5;205;48;5;125m [38;5;125;48;5;125m [38;5;212;48;5;125m [38;5;206;48;5;89m [38;5;125;48;5;125m [38;5;197;48;5;161m [38;5;211;48;5;197m [38;5;211;48;5;197m [38;5;211;48;5;197m [38;5;197;48;5;197m [38;5;197;48;5;198m [38;5;211;48;5;161m [38;5;161;48;5;125m [38;5;163;48;5;53m [38;5;55;48;5;53m [38;5;91;48;5;53m [38;5;171;48;5;53m [38;5;200;48;5;53m [38;5;161;48;5;125m [38;5;197;48;5;197m [38;5;211;48;5;197m [38;5;204;48;5;197m [38;5;204;48;5;197m [38;5;204;48;5;197m [38;5;211;48;5;197m [38;5;197;48;5;161m [38;5;125;48;5;89m [38;5;5;48;5;53m [38;5;206;48;5;89m [38;5;162;48;5;89m [38;5;198;48;5;125m [38;5;161;48;5;125m [38;5;197;48;5;89m [38;5;197;48;5;125m [38;5;197;48;5;125m [38;5;161;48;5;125m [38;5;205;48;5;125m [38;5;198;48;5;89m [38;5;162;48;5;53m [38;5;200;48;5;53m [38;5;53;48;5;53m [38;5;54;48;5;235m [38;5;92;48;5;234m [38;5;135;48;5;233m [38;5;99;48;5;232m [38;5;17;48;5;232m [38;5;17;48;5;16m [38;5;16;48;5;16m▓[38;5;16;48;5;16m▓[38;5;16;48;5;16m▓[38;5;16;48;5;16m▓[38;5;16;48;5;16m▓[38;5;16;48;5;16m▓[38;5;16;48;5;16m▓[38;5;16;48;5;16m▓[0m
[38;5;16;48;5;16m▓[38;5;16;48;5;16m▓[38;5;16;48;5;16m▓[38;5;16;48;5;16m▓[38;5;16;48;5;16m▓[38;5;16;48;5;16m▓[38;5;16;48;5;16m▓[38;5;16;48;5;16m▓[38;5;16;48;5;16m▓[38;5;16;48;5;16m▓[38;5;16;48;5;16m▓[38;5;17;48;5;232m [38;5;17;48;5;232m [38;5;99;48;5;233m [38;5;141;48;5;233m [38;5;92;48;5;234m [38;5;171;48;5;53m [38;5;53;48;5;53m [38;5;200;48;5;53m [38;5;206;48;5;53m [38;5;162;48;5;89m [38;5;125;48;5;89m [38;5;161;48;5;125m [38;5;161;48;5;125m [38;5;197;48;5;125m [38;5;197;48;5;89m [38;5;161;48;5;125m [38;5;161;48;5;125m [38;5;198;48;5;89m [38;5;161;48;5;125m [38;5;211;48;5;161m [38;5;211;48;5;197m [38;5;197;48;5;197m [38;5;211;48;5;197m [38;5;211;48;5;197m [38;5;211;48;5;197m [38;5;211;48;5;197m [38;5;211;48;5;197m [38;5;211;48;5;161m [38;5;205;48;5;161m [38;5;162;48;5;125m [38;5;162;48;5;162m [38;5;211;48;5;161m [38;5;211;48;5;197m [38;5;211;48;5;197m [38;5;211;48;5;197m [38;5;204;48;5;197m [38;5;211;48;5;197m [38;5;211;48;5;197m [38;5;211;48;5;197m [38;5;211;48;5;161m [38;5;125;48;5;125m [38;5;198;48;5;125m [38;5;205;48;5;89m [38;5;161;48;5;125m [38;5;197;48;5;125m [38;5;197;48;5;125m [38;5;197;48;5;125m [38;5;161;48;5;125m [38;5;161;48;5;89m [38;5;198;48;5;89m [38;5;125;48;5;89m [38;5;206;48;5;53m [38;5;163;48;5;53m [38;5;165;48;5;235m [38;5;177;48;5;234m [38;5;56;48;5;233m [38;5;56;48;5;233m [38;5;141;48;5;233m [38;5;17;48;5;232m [38;5;17;48;5;16m [38;5;16;48;5;16m▓[38;5;16;48;5;16m▓[38;5;16;48;5;16m▓[38;5;16;48;5;16m▓[38;5;16;48;5;16m▓[38;5;16;48;5;16m▓[38;5;16;48;5;16m▓[38;5;16;48;5;16m▓[38;5;16;48;5;16m▓[0m
[38;5;16;48;5;16m▓[38;5;16;48;5;16m▓[38;5;16;48;5;16m▓[38;5;16;48;5;16m▓[38;5;16;48;5;16m▓[38;5;16;48;5;16m▓[38;5;16;48;5;16m▓[38;5;16;48;5;16m▓[38;5;16;48;5;16m▓[38;5;16;48;5;16m▓[38;5;16;48;5;16m▓[38;5;16;48;5;16m▓[38;5;17;48;5;16m [38;5;99;48;5;232m [38;5;56;48;5;233m [38;5;141;48;5;233m [38;5;56;48;5;234m [38;5;92;48;5;234m [38;5;171;48;5;235m [38;5;53;48;5;53m [38;5;200;48;5;53m [38;5;89;48;5;89m [38;5;162;48;5;89m [38;5;125;48;5;89m [38;5;205;48;5;125m [38;5;161;48;5;125m [38;5;197;48;5;125m [38;5;161;48;5;125m [38;5;161;48;5;125m [38;5;197;48;5;125m [38;5;211;48;5;161m [38;5;211;48;5;161m [38;5;197;48;5;197m [38;5;211;48;5;197m [38;5;204;48;5;197m [38;5;204;48;5;197m [38;5;204;48;5;197m [38;5;204;48;5;197m [38;5;204;48;5;197m [38;5;204;48;5;197m [38;5;211;48;5;197m [38;5;211;48;5;197m [38;5;204;48;5;197m [38;5;204;48;5;197m [38;5;204;48;5;197m [38;5;204;48;5;197m [38;5;204;48;5;197m [38;5;204;48;5;197m [38;5;211;48;5;197m [38;5;211;48;5;161m [38;5;161;48;5;89m [38;5;161;48;5;125m [38;5;197;48;5;125m [38;5;197;48;5;125m [38;5;197;48;5;125m [38;5;161;48;5;125m [38;5;161;48;5;89m [38;5;205;48;5;89m [38;5;125;48;5;89m [38;5;162;48;5;89m [38;5;89;48;5;53m [38;5;200;48;5;53m [38;5;165;48;5;235m [38;5;54;48;5;235m [38;5;91;48;5;234m [38;5;56;48;5;233m [38;5;99;48;5;233m [38;5;17;48;5;232m [38;5;17;48;5;16m [38;5;16;48;5;16m▓[38;5;16;48;5;16m▓[38;5;16;48;5;16m▓[38;5;16;48;5;16m▓[38;5;16;48;5;16m▓[38;5;16;48;5;16m▓[38;5;16;48;5;16m▓[38;5;16;48;5;16m▓[38;5;16;48;5;16m▓[38;5;16;48;5;16m▓[38;5;16;48;5;16m▓[0m
[38;5;16;48;5;16m▓[38;5;16;48;5;16m▓[38;5;16;48;5;16m▓[38;5;16;48;5;16m▓[38;5;16;48;5;16m▓[38;5;16;48;5;16m▓[38;5;16;48;5;16m▓[38;5;16;48;5;16m▓[38;5;16;48;5;16m▓[38;5;16;48;5;16m▓[38;5;16;48;5;16m▓[38;5;16;48;5;16m▓[38;5;16;48;5;16m▓[38;5;17;48;5;16m [38;5;17;48;5;232m [38;5;17;48;5;232m [38;5;99;48;5;233m [38;5;141;48;5;233m [38;5;135;48;5;234m [38;5;177;48;5;235m [38;5;91;48;5;53m [38;5;53;48;5;53m [38;5;163;48;5;53m [38;5;206;48;5;53m [38;5;162;48;5;89m [38;5;125;48;5;89m [38;5;205;48;5;125m [38;5;205;48;5;125m [38;5;161;48;5;125m [38;5;161;48;5;125m [38;5;161;48;5;125m [38;5;211;48;5;125m [38;5;204;48;5;161m [38;5;211;48;5;197m [38;5;197;48;5;197m [38;5;204;48;5;197m [38;5;197;48;5;197m [38;5;211;48;5;197m [38;5;211;48;5;197m [38;5;204;48;5;197m [38;5;204;48;5;197m [38;5;204;48;5;197m [38;5;211;48;5;197m [38;5;211;48;5;197m [38;5;211;48;5;197m [38;5;211;48;5;197m [38;5;211;48;5;197m [38;5;204;48;5;197m [38;5;211;48;5;125m [38;5;197;48;5;125m [38;5;197;48;5;125m [38;5;161;48;5;125m [38;5;161;48;5;125m [38;5;161;48;5;125m [38;5;161;48;5;89m [38;5;198;48;5;89m [38;5;125;48;5;89m [38;5;125;48;5;89m [38;5;206;48;5;53m [38;5;200;48;5;53m [38;5;53;48;5;53m [38;5;165;48;5;235m [38;5;129;48;5;234m [38;5;93;48;5;233m [38;5;99;48;5;232m [38;5;99;48;5;232m [38;5;17;48;5;232m [38;5;17;48;5;16m [38;5;16;48;5;16m▓[38;5;16;48;5;16m▓[38;5;16;48;5;16m▓[38;5;16;48;5;16m▓[38;5;16;48;5;16m▓[38;5;16;48;5;16m▓[38;5;16;48;5;16m▓[38;5;16;48;5;16m▓[38;5;16;48;5;16m▓[38;5;16;48;5;16m▓[38;5;16;48;5;16m▓[38;5;16;48;5;16m▓[0m
[38;5;16;48;5;16m▓[38;5;16;48;5;16m▓[38;5;16;48;5;16m▓[38;5;16;48;5;16m▓[38;5;16;48;5;16m▓[38;5;16;48;5;16m▓[38;5;16;48;5;16m▓[38;5;16;48;5;16m▓[38;5;16;48;5;16m▓[38;5;16;48;5;16m▓[38;5;16;48;5;16m▓[38;5;16;48;5;16m▓[38;5;17;48;5;16m [38;5;16;48;5;16m▓[38;5;16;48;5;16m▓[38;5;17;48;5;16m [38;5;17;48;5;232m [38;5;17;48;5;232m [38;5;99;48;5;233m [38;5;57;48;5;233m [38;5;54;48;5;235m [38;5;54;48;5;53m [38;5;165;48;5;53m [38;5;171;48;5;235m [38;5;53;48;5;53m [38;5;163;48;5;53m [38;5;126;48;5;53m [38;5;199;48;5;53m [38;5;162;48;5;89m [38;5;125;48;5;89m [38;5;198;48;5;89m [38;5;161;48;5;125m [38;5;205;48;5;89m [38;5;211;48;5;125m [38;5;211;48;5;125m [38;5;211;48;5;161m [38;5;197;48;5;197m [38;5;211;48;5;197m [38;5;211;48;5;197m [38;5;204;48;5;197m [38;5;211;48;5;197m [38;5;211;48;5;197m [38;5;211;48;5;197m [38;5;211;48;5;197m [38;5;211;48;5;197m [38;5;204;48;5;197m [38;5;204;48;5;161m [38;5;161;48;5;125m [38;5;161;48;5;125m [38;5;197;48;5;89m [38;5;161;48;5;89m [38;5;161;48;5;89m [38;5;198;48;5;89m [38;5;125;48;5;89m [38;5;125;48;5;89m [38;5;206;48;5;53m [38;5;126;48;5;53m [38;5;53;48;5;53m [38;5;165;48;5;235m [38;5;91;48;5;234m [38;5;55;48;5;233m [38;5;56;48;5;233m [38;5;141;48;5;233m [38;5;17;48;5;232m [38;5;17;48;5;232m [38;5;17;48;5;16m [38;5;16;48;5;16m▓[38;5;16;48;5;16m▓[38;5;16;48;5;16m▓[38;5;16;48;5;16m▓[38;5;16;48;5;16m▓[38;5;16;48;5;16m▓[38;5;16;48;5;16m▓[38;5;16;48;5;16m▓[38;5;16;48;5;16m▓[38;5;16;48;5;16m▓[38;5;16;48;5;16m▓[38;5;16;48;5;16m▓[38;5;16;48;5;16m▓[38;5;16;48;5;16m▓[0m
[38;5;16;48;5;16m▓[38;5;16;48;5;16m▓[38;5;16;48;5;16m▓[38;5;16;48;5;16m▓[38;5;16;48;5;16m▓[38;5;16;48;5;16m▓[38;5;16;48;5;16m▓[38;5;16;48;5;16m▓[38;5;16;48;5;16m▓[38;5;16;48;5;16m▓[38;5;16;48;5;16m▓[38;5;16;48;5;16m▓[38;5;16;48;5;16m▓[38;5;16;48;5;16m▓[38;5;17;48;5;16m [38;5;16;48;5;16m▓[38;5;17;48;5;16m [38;5;17;48;5;16m [38;5;17;48;5;232m [38;5;99;48;5;232m [38;5;56;48;5;233m [38;5;141;48;5;233m [38;5;55;48;5;234m [38;5;177;48;5;234m [38;5;92;48;5;235m [38;5;129;48;5;235m [38;5;165;48;5;53m [38;5;53;48;5;53m [38;5;200;48;5;53m [38;5;200;48;5;53m [38;5;206;48;5;53m [38;5;199;48;5;53m [38;5;125;48;5;89m [38;5;125;48;5;89m [38;5;205;48;5;89m [38;5;161;48;5;125m [38;5;211;48;5;125m [38;5;204;48;5;161m [38;5;204;48;5;197m [38;5;204;48;5;197m [38;5;204;48;5;197m [38;5;204;48;5;197m [38;5;211;48;5;197m [38;5;211;48;5;161m [38;5;211;48;5;125m [38;5;161;48;5;89m [38;5;198;48;5;89m [38;5;198;48;5;89m [38;5;125;48;5;89m [38;5;162;48;5;89m [38;5;212;48;5;53m [38;5;206;48;5;53m [38;5;126;48;5;53m [38;5;200;48;5;53m [38;5;53;48;5;53m [38;5;128;48;5;234m [38;5;54;48;5;234m [38;5;55;48;5;233m [38;5;177;48;5;233m [38;5;141;48;5;233m [38;5;17;48;5;232m [38;5;17;48;5;232m [38;5;17;48;5;16m [38;5;17;48;5;16m [38;5;16;48;5;16m▓[38;5;16;48;5;16m▓[38;5;16;48;5;16m▓[38;5;16;48;5;16m▓[38;5;16;48;5;16m▓[38;5;16;48;5;16m▓[38;5;16;48;5;16m▓[38;5;16;48;5;16m▓[38;5;16;48;5;16m▓[38;5;16;48;5;16m▓[38;5;16;48;5;16m▓[38;5;16;48;5;16m▓[38;5;16;48;5;16m▓[38;5;16;48;5;16m▓[38;5;16;48;5;16m▓[38;5;16;48;5;16m▓[0m
[38;5;16;48;5;16m▓[38;5;16;48;5;16m▓[38;5;16;48;5;16m▓[38;5;16;48;5;16m▓[38;5;16;48;5;16m▓[38;5;16;48;5;16m▓[38;5;16;48;5;16m▓[38;5;16;48;5;16m▓[38;5;16;48;5;16m▓[38;5;16;48;5;16m▓[38;5;16;48;5;16m▓[38;5;16;48;5;16m▓[38;5;16;48;5;16m▓[38;5;16;48;5;16m▓[38;5;16;48;5;16m▓[38;5;16;48;5;16m▓[38;5;17;48;5;16m [38;5;16;48;5;16m▓[38;5;16;48;5;16m▓[38;5;17;48;5;16m [38;5;17;48;5;16m [38;5;17;48;5;232m [38;5;17;48;5;232m [38;5;141;48;5;233m [38;5;57;48;5;233m [38;5;56;48;5;233m [38;5;56;48;5;233m [38;5;55;48;5;234m [38;5;92;48;5;234m [38;5;177;48;5;234m [38;5;91;48;5;235m [38;5;165;48;5;235m [38;5;200;48;5;53m [38;5;200;48;5;53m [38;5;200;48;5;53m [38;5;163;48;5;53m [38;5;126;48;5;53m [38;5;162;48;5;53m [38;5;162;48;5;53m [38;5;205;48;5;89m [38;5;204;48;5;124m [38;5;161;48;5;125m [38;5;125;48;5;53m [38;5;199;48;5;53m [38;5;212;48;5;53m [38;5;126;48;5;53m [38;5;126;48;5;53m [38;5;200;48;5;53m [38;5;53;48;5;235m [38;5;165;48;5;235m [38;5;53;48;5;235m [38;5;128;48;5;234m [38;5;54;48;5;234m [38;5;129;48;5;234m [38;5;177;48;5;233m [38;5;93;48;5;233m [38;5;99;48;5;232m [38;5;17;48;5;232m [38;5;17;48;5;232m [38;5;17;48;5;16m [38;5;17;48;5;16m [38;5;16;48;5;16m▓[38;5;16;48;5;16m▓[38;5;16;48;5;16m▓[38;5;16;48;5;16m▓[38;5;16;48;5;16m▓[38;5;16;48;5;16m▓[38;5;16;48;5;16m▓[38;5;16;48;5;16m▓[38;5;16;48;5;16m▓[38;5;16;48;5;16m▓[38;5;16;48;5;16m▓[38;5;16;48;5;16m▓[38;5;16;48;5;16m▓[38;5;16;48;5;16m▓[38;5;16;48;5;16m▓[38;5;16;48;5;16m▓[38;5;16;48;5;16m▓[38;5;16;48;5;16m▓[38;5;16;48;5;16m▓[0m
[38;5;16;48;5;16m▓[38;5;16;48;5;16m▓[38;5;16;48;5;16m▓[38;5;16;48;5;16m▓[38;5;16;48;5;16m▓[38;5;16;48;5;16m▓[38;5;16;48;5;16m▓[38;5;16;48;5;16m▓[38;5;16;48;5;16m▓[38;5;16;48;5;16m▓[38;5;16;48;5;16m▓[38;5;16;48;5;16m▓[38;5;16;48;5;16m▓[38;5;16;48;5;16m▓[38;5;16;48;5;16m▓[38;5;16;48;5;16m▓[38;5;16;48;5;16m▓[38;5;16;48;5;16m▓[38;5;16;48;5;16m▓[38;5;16;48;5;16m▓[38;5;16;48;5;16m▓[38;5;16;48;5;16m▓[38;5;17;48;5;16m [38;5;17;48;5;16m [38;5;17;48;5;16m [38;5;17;48;5;232m [38;5;17;48;5;232m [38;5;99;48;5;232m [38;5;99;48;5;232m [38;5;141;48;5;233m [38;5;57;48;5;233m [38;5;57;48;5;233m [38;5;56;48;5;233m [38;5;177;48;5;234m [38;5;92;48;5;234m [38;5;91;48;5;234m [38;5;91;48;5;234m [38;5;54;48;5;234m [38;5;171;48;5;234m [38;5;165;48;5;235m [38;5;165;48;5;235m [38;5;165;48;5;235m [38;5;165;48;5;235m [38;5;128;48;5;234m [38;5;54;48;5;234m [38;5;92;48;5;234m [38;5;54;48;5;234m [38;5;129;48;5;234m [38;5;55;48;5;233m [38;5;92;48;5;233m [38;5;56;48;5;233m [38;5;135;48;5;233m [38;5;141;48;5;232m [38;5;99;48;5;232m [38;5;17;48;5;232m [38;5;17;48;5;16m [38;5;17;48;5;16m [38;5;17;48;5;16m [38;5;16;48;5;16m▓[38;5;16;48;5;16m▓[38;5;16;48;5;16m▓[38;5;16;48;5;16m▓[38;5;16;48;5;16m▓[38;5;16;48;5;16m▓[38;5;16;48;5;16m▓[38;5;16;48;5;16m▓[38;5;16;48;5;16m▓[38;5;16;48;5;16m▓[38;5;16;48;5;16m▓[38;5;16;48;5;16m▓[38;5;16;48;5;16m▓[38;5;16;48;5;16m▓[38;5;16;48;5;16m▓[38;5;16;48;5;16m▓[38;5;16;48;5;16m▓[38;5;16;48;5;16m▓[38;5;16;48;5;16m▓[38;5;16;48;5;16m▓[38;5;16;48;5;16m▓[38;5;16;48;5;16m▓[0m
[38;5;16;48;5;16m▓[38;5;16;48;5;16m▓[38;5;16;48;5;16m▓[38;5;16;48;5;16m▓[38;5;16;48;5;16m▓[38;5;16;48;5;16m▓[38;5;16;48;5;16m▓[38;5;16;48;5;16m▓[38;5;16;48;5;16m▓[38;5;16;48;5;16m▓[38;5;16;48;5;16m▓[38;5;16;48;5;16m▓[38;5;16;48;5;16m▓[38;5;16;48;5;16m▓[38;5;16;48;5;16m▓[38;5;16;48;5;16m▓[38;5;16;48;5;16m▓[38;5;16;48;5;16m▓[38;5;16;48;5;16m▓[38;5;16;48;5;16m▓[38;5;16;48;5;16m▓[38;5;16;48;5;16m▓[38;5;16;48;5;16m▓[38;5;16;48;5;16m▓[38;5;16;48;5;16m▓[38;5;16;48;5;16m▓[38;5;16;48;5;16m▓[38;5;17;48;5;16m [38;5;17;48;5;16m [38;5;17;48;5;16m [38;5;17;48;5;232m [38;5;17;48;5;232m [38;5;17;48;5;232m [38;5;17;48;5;232m [38;5;99;48;5;232m [38;5;141;48;5;233m [38;5;99;48;5;233m [38;5;99;48;5;232m [38;5;99;48;5;233m [38;5;99;48;5;233m [38;5;99;48;5;232m [38;5;99;48;5;232m [38;5;99;48;5;232m [38;5;99;48;5;232m [38;5;99;48;5;232m [38;5;99;48;5;232m [38;5;99;48;5;232m [38;5;99;48;5;232m [38;5;17;48;5;232m [38;5;17;48;5;232m [38;5;17;48;5;16m [38;5;17;48;5;16m [38;5;17;48;5;16m [38;5;16;48;5;16m▓[38;5;16;48;5;16m▓[38;5;16;48;5;16m▓[38;5;16;48;5;16m▓[38;5;16;48;5;16m▓[38;5;16;48;5;16m▓[38;5;16;48;5;16m▓[38;5;16;48;5;16m▓[38;5;16;48;5;16m▓[38;5;16;48;5;16m▓[38;5;16;48;5;16m▓[38;5;16;48;5;16m▓[38;5;16;48;5;16m▓[38;5;16;48;5;16m▓[38;5;16;48;5;16m▓[38;5;16;48;5;16m▓[38;5;16;48;5;16m▓[38;5;16;48;5;16m▓[38;5;16;48;5;16m▓[38;5;16;48;5;16m▓[38;5;16;48;5;16m▓[38;5;16;48;5;16m▓[38;5;16;48;5;16m▓[38;5;16;48;5;16m▓[38;5;16;48;5;16m▓[38;5;16;48;5;16m▓[38;5;16;48;5;16m▓[0m
